10001,10201,10011,1
10002,10202,10012,10232
10003,10203,10013,10233
10004,10204,10014,10234
10221,10222,10015,10235
10223,10224,10016,10236
Buffs/410006,Buffs/410007,2,4